                                               9                                                                                            
                                                                                                                                00          
                                                                        9                                                       00          
 0  0       0  00     0         0 0  0      0 0    0  9   0 50090     0        0  0 0 00      0  0                              00          
     0         0      0    0     0      2    40   07777     7777 0 0 0                    00     0     4              0         00          
             0 0   7    0      4  7                                               4         0                         0     9   00          
       00000      0  00        0 0800 000    7770            22       00    20 0            7    0    77       77     00   77   54          
                  0         0     8                2                             2                                     0        00          
         5        0            7  8777777777777777777777777777777777777777777            2                                      00      7   
7777777777777     2   9           8                                         8      2              9              9              00     68   
8888888888888777  777777    7777778                                         87777777    77       77       77    77    77        77    778   
8888888888888888  888888                                                                88       88       88          88        88    888 77
