                                                                                                                                            
                                                                                                                                  2         
                                                               4                                                                  77        
                                                                                                      0                  0   0    88        
     00                                                        2        0                        0      0 0 0 0              77             
     00         5          5              00                           00       5    5               4                       88         0   
                     000           00      0                   7                 2                           4 2   2    77                  
                                                          77   8   7     9     777   200             9    9   9         88                  
       9         9      9                    9            88       8           888             7777777777777777777777                     96
                                  2                   77              7777           7777      8888888888888888888888                  77777
77777777    777777  77777  77777  7777  777777   77   88              8888   7       8888      8888888888888888888888                  88888
88888888    888888  88888  88888  8888  888888   88                          8                 8888888888888888888888                  88888
