                                                    22                                                                                      
                                                    22                                                                                      
                                                    2                                                                                       
 0  0       0  00     0         0 0  0      0 0    0  9   0 50090     0    2   0  0 0 00 00  00  0     4       4                            
     0         0      0    0     0           40   07777     7777 0 0 0   4                00     0    2                                     
             0 0   7    0    4                                             0 0   4    0 0 0 0 0                2            9               
       00000      0  00        0 0 00 000 0007770                     00 0 0 0 0    0 0 0 0 770 00    77       77          77               
                  0 2       0      9  9    5                                      2                                                         
         5        0             2 77  777                           777777777                                                              2
7777777777777         9         9 88  888                           8888888887777777              9              9                     6    
8888888888888777  777777    77777788                      7         8888888888888888    77       77       77    77    77        77    777777
8888888888888888  888888    88888888                      8         8888888888888888    88       88       88          88        88    888888
