                                                                                                                                                                                                                                                          
                                                                                                                                                                                                                                                          
                                                           4                                                                                      00                         9                                                                            
 00000      0         0  0   0  00  00  0     0           0  0   00 0   0 0    0  0 0 00  00 0       0 0       0 0 00 00   0 000 0 0 0            00                                                                                                      
 00000      0   0     0  0    0  0    0 0            0 0 0   0   0      50      4          0         05   0 0 0 4                                                      9    77                                                                            
             0 0 0 7    00     5 4                   1              7     0          0    0     0              0     0    0 1     0        0                                       0                                                                      
       00000   4      0     0          0      0 0    7     7          00 0 0 0 0 00   0   0 77  0    077   9   770 0       7700  9     4  000     77                  4                   00                                                              
                  0         0         9                               1     9                                                                                                            000                                                              
         5       00               7777777    7        7          7    7777777      1                                  5                                   5                                                                                               
7777777777777         9           8888888                             88888887777777                                                           1                 1    77                  99  1  6                                                        
888888888888877777777777    7777778888888                    1        88888888888888    77       77       77    77    77        77    77    7777      7   77   777             77777777777777777777777                                                    
888888888888888888888888    8888888888888         7          7        88888888888888    88       88       88          88        88    88    8888      8   88   888             88888888888888888888888                                                    
