                                                               000             0               00   
                                                005            000     5       00              00   
                                       00       00                             00              05   
              00    4        00    4                            0                              77   
777777       500    0                 0       9   00                      4                         
888888              00               00  77  77   0                    7            77              
888888 777                             7788           0    4                             9          
888888                         7     778888          000                      777       77          
888888      7777            9     9  8888                               9                      9   6
888888             777   7777777777  88                   9       7777777777      00       777777777
888888                   8888888888               77777777777     8888888888      00       888888888
888888                   8888888888               88888888888     8888888888      77       888888888
