                                               00                                                     
                                               00                                                     
                                             5                                                        
                                             00                                                       
                         000                 00                                                       
                                              7                                                       
            5    00               4                                                                   
                 00                000             7777                                               
                   9    77777                                      9 6                                
777777777777777777777   88888          9         9         7777777777777777                           
888888888888888888888            7777777  7 777777         8888888888888888                           
888888888888888888888            8888888    888888         8888888888888888                           
