                                                                                                      
                    5                 77     77                                       0               
                                   00                                                        777      
                                                                                          00 888      
     0                  7      4                            00            0          77   00 888      
     00                 8                         00       0000                 0    88   00 888      
            7   7   00  8       0  77      7      00        00                       88      888      
       9    8 0 8   00  8                 00            4   00        77   5         88      888      
77777777    800 8   00  8      77         00                               77        88     9888    6 
88888888    80098      98      88          5                     99               9  88777777888777777
88888888    877787777777877    88         00        777777777777777             777  88888888888888888
88888888    888888888888888    88         77        888888888888888                  88888888888888888
